
**Elegido para la iteración 7:
numBalanceNegPos <- 7
col_colinealidad <- c("PASIVO_ACTIVO", "TOT_PASIVOS"
  DEPARTAMENTO = c("BENI%,%ORURO","LA PAZ%,%SANTA CRUZ","COCHABAMBA%,%CHUQUISACA%,%PANDO%,%TARIJA") # DEPARTAMENTO = c("LA PAZ%,%BENI%,%ORURO%,%SANTA CRUZ","COCHABAMBA%,%CHUQUISACA%,%PANDO%,%TARIJA")
  , COD_PROFESION = c("502%,%180%,%200%,%30%,%304%,%380%,%346%,%440%,%351%,%352%,%526%,%60%,%391%,%70%,%62%,%529%,%480%,%505%,%94%,%0%,%313%,%15%,%20%,%25%,%35%,%40%,%45%,%411%,%78%,%130%,%371%,%393%,%418%,%370%,%416%,%358%,%150%,%397%,%398%,%412%,%463%,%484", "92%,%90%,%91%,%170%,%321%,%93%,%10%,%319%,%50%,%324%,%61", "95%,%73%,%120%,%100%,%71%,%309%,%305%,%307%,%240%,%316%,%250%,%300%,%308%,%325%,%303%,%328%,%323%,%343%,%77%,%80%,%72%,%82%,%353%,%85%,%356%,%357%,%101%,%327%,%362%,%364%,%140%,%368%,%310%,%347%,%220%,%372%,%373%,%374%,%376%,%301%,%110%,%381%,%383%,%384%,%387%,%388%,%190%,%81%,%314%,%394%,%318%,%322%,%400%,%404%,%405%,%406%,%340%,%409%,%344%,%390%,%210%,%348%,%417%,%355%,%419%,%420%,%425%,%361%,%432%,%435%,%366%,%438%,%369%,%415%,%444%,%445%,%446%,%447%,%449%,%379%,%302%,%454%,%455%,%456%,%459%,%460%,%441%,%1%,%465%,%468%,%469%,%472%,%474%,%475%,%476%,%479%,%408%,%481%,%483%,%461%,%485%,%486%,%489%,%490%,%492%,%498%,%499%,%430%,%503%,%504%,%436%,%507%,%508%,%510%,%511%,%516%,%519%,%520%,%521%,%450%,%451")
  , INGRESOS_GASTOS = c(1.2, 2.75, 2.82)
  , EDAD = c(28, 36, 39)
  , ANTIGUEDAD_LABORAL = c(1, 3)
  , TIPO_VIVIENDA = c("1%,%2","3","4")
  , CARGO = c("1%,%11%,%12%,%4%,%5%,%9%,%7","2%,%3%,%6%,%8") # c("1%,%4%,%5%,%7%,%9%,%12","2%,%6%,%8%,%11","3")

> metricasTrain
  nTot  pPos  pNeg vp  vn  fp fn  sc_gini    sc_ks   sc_auc
1 1312 0.125 0.875 98 957 191 66 0.590279 0.466028 0.795139
> metricasTest
  nTot   pPos   pNeg vp  vn  fp fn  sc_gini    sc_ks  sc_auc
1  901 0.0455 0.9545 24 716 144 17 0.554339 0.513046 0.77717

------------------------------------------------------------------------------------------
------------------------------------------------------------------------------------------

numBalanceNegPos <- 7
col_colinealidad <- c("PASIVO_ACTIVO", "TOT_PASIVOS"
  DEPARTAMENTO = c("BENI%,%ORURO","LA PAZ%,%SANTA CRUZ","COCHABAMBA%,%CHUQUISACA%,%PANDO%,%TARIJA") # DEPARTAMENTO = c("LA PAZ%,%BENI%,%ORURO%,%SANTA CRUZ","COCHABAMBA%,%CHUQUISACA%,%PANDO%,%TARIJA")
  , COD_PROFESION = c("502%,%180%,%200%,%30%,%304%,%380%,%346%,%440%,%351%,%352%,%526%,%60%,%391%,%70%,%62%,%529%,%480%,%505%,%94%,%0%,%313%,%15%,%20%,%25%,%35%,%40%,%45%,%411%,%78%,%130%,%371%,%393%,%418%,%370%,%416%,%358%,%150%,%397%,%398%,%412%,%463%,%484", "92%,%90%,%91%,%170%,%321%,%93%,%10%,%319%,%50%,%324%,%61", "95%,%73%,%120%,%100%,%71%,%309%,%305%,%307%,%240%,%316%,%250%,%300%,%308%,%325%,%303%,%328%,%323%,%343%,%77%,%80%,%72%,%82%,%353%,%85%,%356%,%357%,%101%,%327%,%362%,%364%,%140%,%368%,%310%,%347%,%220%,%372%,%373%,%374%,%376%,%301%,%110%,%381%,%383%,%384%,%387%,%388%,%190%,%81%,%314%,%394%,%318%,%322%,%400%,%404%,%405%,%406%,%340%,%409%,%344%,%390%,%210%,%348%,%417%,%355%,%419%,%420%,%425%,%361%,%432%,%435%,%366%,%438%,%369%,%415%,%444%,%445%,%446%,%447%,%449%,%379%,%302%,%454%,%455%,%456%,%459%,%460%,%441%,%1%,%465%,%468%,%469%,%472%,%474%,%475%,%476%,%479%,%408%,%481%,%483%,%461%,%485%,%486%,%489%,%490%,%492%,%498%,%499%,%430%,%503%,%504%,%436%,%507%,%508%,%510%,%511%,%516%,%519%,%520%,%521%,%450%,%451")
  , INGRESOS_GASTOS = c(1.2, 2.75, 2.82)
  , EDAD = c(28, 36, 39)
  , ANTIGUEDAD_LABORAL = c(1, 3)
  , TIPO_VIVIENDA = c("1%,%2","3","4")
  , CARGO = c("1%,%11%,%12%,%4%,%5%,%9%,%7","2%,%3%,%6%,%8") # c("1%,%4%,%5%,%7%,%9%,%12","2%,%6%,%8%,%11","3")
  , ESTADO_CIVIL = c("1","2%,%3","4%,%5")

> metricasTrain
  nTot  pPos  pNeg vp  vn  fp fn  sc_gini    sc_ks   sc_auc
1 1312 0.125 0.875 96 964 184 68 0.591129 0.464286 0.795564
> metricasTest
  nTot   pPos   pNeg vp  vn  fp fn  sc_gini    sc_ks   sc_auc
1  901 0.0455 0.9545 23 722 138 18 0.555615 0.488627 0.777808

------------------------------------------------------------------------------------------
numBalanceNegPos <- 7
col_colinealidad <- c("PASIVO_ACTIVO", "TOT_PASIVOS"
  DEPARTAMENTO = c("BENI%,%ORURO","LA PAZ%,%SANTA CRUZ","COCHABAMBA%,%CHUQUISACA%,%PANDO%,%TARIJA") # DEPARTAMENTO = c("LA PAZ%,%BENI%,%ORURO%,%SANTA CRUZ","COCHABAMBA%,%CHUQUISACA%,%PANDO%,%TARIJA")
  , COD_PROFESION = c("502%,%180%,%200%,%30%,%304%,%380%,%346%,%440%,%351%,%352%,%526%,%60%,%391%,%70%,%62%,%529%,%480%,%505%,%94%,%0%,%313%,%15%,%20%,%25%,%35%,%40%,%45%,%411%,%78%,%130%,%371%,%393%,%418%,%370%,%416%,%358%,%150%,%397%,%398%,%412%,%463%,%484", "92%,%90%,%91%,%170%,%321%,%93%,%10%,%319%,%50%,%324%,%61", "95%,%73%,%120%,%100%,%71%,%309%,%305%,%307%,%240%,%316%,%250%,%300%,%308%,%325%,%303%,%328%,%323%,%343%,%77%,%80%,%72%,%82%,%353%,%85%,%356%,%357%,%101%,%327%,%362%,%364%,%140%,%368%,%310%,%347%,%220%,%372%,%373%,%374%,%376%,%301%,%110%,%381%,%383%,%384%,%387%,%388%,%190%,%81%,%314%,%394%,%318%,%322%,%400%,%404%,%405%,%406%,%340%,%409%,%344%,%390%,%210%,%348%,%417%,%355%,%419%,%420%,%425%,%361%,%432%,%435%,%366%,%438%,%369%,%415%,%444%,%445%,%446%,%447%,%449%,%379%,%302%,%454%,%455%,%456%,%459%,%460%,%441%,%1%,%465%,%468%,%469%,%472%,%474%,%475%,%476%,%479%,%408%,%481%,%483%,%461%,%485%,%486%,%489%,%490%,%492%,%498%,%499%,%430%,%503%,%504%,%436%,%507%,%508%,%510%,%511%,%516%,%519%,%520%,%521%,%450%,%451")
  , INGRESOS_GASTOS = c(1.2, 2.75, 2.82)
  , EDAD = c(28, 36, 39)
  , ANTIGUEDAD_LABORAL = c(1, 3)
  , TIPO_VIVIENDA = c("1%,%2","3","4")
  , CARGO = c("1%,%11%,%12%,%4%,%5%,%9%,%7","2%,%3%,%6%,%8") # c("1%,%4%,%5%,%7%,%9%,%12","2%,%6%,%8%,%11","3")

> metricasTrain
  nTot  pPos  pNeg vp  vn  fp fn  sc_gini    sc_ks   sc_auc
1 1312 0.125 0.875 98 957 191 66 0.590279 0.466028 0.795139
> metricasTest
  nTot   pPos   pNeg vp  vn  fp fn  sc_gini    sc_ks  sc_auc
1  901 0.0455 0.9545 24 716 144 17 0.554339 0.513046 0.77717



------------------------------------------------------------------------------------------
numBalanceNegPos <- 7
col_colinealidad <- c("PASIVO_ACTIVO", "TOT_PASIVOS"
  DEPARTAMENTO = c("BENI%,%ORURO","LA PAZ%,%SANTA CRUZ","COCHABAMBA%,%CHUQUISACA%,%PANDO%,%TARIJA") # DEPARTAMENTO = c("LA PAZ%,%BENI%,%ORURO%,%SANTA CRUZ","COCHABAMBA%,%CHUQUISACA%,%PANDO%,%TARIJA")
  , COD_PROFESION = c("502%,%180%,%200%,%30%,%304%,%380%,%346%,%440%,%351%,%352%,%526%,%60%,%391%,%70%,%62%,%529%,%480%,%505%,%94%,%0%,%313%,%15%,%20%,%25%,%35%,%40%,%45%,%411%,%78%,%130%,%371%,%393%,%418%,%370%,%416%,%358%,%150%,%397%,%398%,%412%,%463%,%484", "92%,%90%,%91%,%170%,%321%,%93%,%10%,%319%,%50%,%324%,%61", "95%,%73%,%120%,%100%,%71%,%309%,%305%,%307%,%240%,%316%,%250%,%300%,%308%,%325%,%303%,%328%,%323%,%343%,%77%,%80%,%72%,%82%,%353%,%85%,%356%,%357%,%101%,%327%,%362%,%364%,%140%,%368%,%310%,%347%,%220%,%372%,%373%,%374%,%376%,%301%,%110%,%381%,%383%,%384%,%387%,%388%,%190%,%81%,%314%,%394%,%318%,%322%,%400%,%404%,%405%,%406%,%340%,%409%,%344%,%390%,%210%,%348%,%417%,%355%,%419%,%420%,%425%,%361%,%432%,%435%,%366%,%438%,%369%,%415%,%444%,%445%,%446%,%447%,%449%,%379%,%302%,%454%,%455%,%456%,%459%,%460%,%441%,%1%,%465%,%468%,%469%,%472%,%474%,%475%,%476%,%479%,%408%,%481%,%483%,%461%,%485%,%486%,%489%,%490%,%492%,%498%,%499%,%430%,%503%,%504%,%436%,%507%,%508%,%510%,%511%,%516%,%519%,%520%,%521%,%450%,%451")
  , INGRESOS_GASTOS = c(1.2, 2.75, 2.82)
  , EDAD = c(28, 36, 39)
  , ANTIGUEDAD_LABORAL = c(1, 3)
  , TIPO_VIVIENDA = c("1%,%2","3","4")
  , NIVEL_INGRESO = c("MENOS DE $600","NO INDICADO%,%$600 - $1200%,%$1201 - $2000","$2001 - $5000%,%MÁS DE $5000")

> metricasTrain
  nTot  pPos  pNeg  vp  vn  fp fn  sc_gini    sc_ks   sc_auc
1 1312 0.125 0.875 107 920 228 57 0.591065 0.479094 0.795533
> metricasTest
  nTot   pPos   pNeg vp  vn  fp fn  sc_gini    sc_ks   sc_auc
1  901 0.0455 0.9545 26 695 165 15 0.567442 0.495604 0.783721

------------------------------------------------------------------------------------------
numBalanceNegPos <- 7
